25
5 9 12 7 6 10 8 11 8 8 8 10 19 10 6 9 5 6 6 4 8 11 7 5 6
2 3 10 20 25
2 4 10 11 13 16 19 20 22
1 4 5 6 10 11 12 13 18 19 20 23
6 12 13 19 20 23 25
1 3 7 8 12 20
3 8 11 12 13 14 19 21 23 25
6 8 13 16 18 19 20 25
8 10 11 12 14 15 18 19 20 22 25
4 10 12 19 20 22 23 25
3 10 12 15 18 19 20 23
1 5 6 9 19 20 21 22
1 6 11 12 13 17 20 21 22 23
3 4 5 6 7 8 9 10 11 12 13 16 18 19 20 21 22 23 24
10 11 12 13 15 20 22 23 24 25
4 6 8 12 13 17
3 4 7 13 17 18 19 20 25
1 5 12 19 23
2 4 17 18 21 23
11 17 19 20 22 23
2 18 19 23
4 12 13 14 18 19 22 23
1 4 8 11 12 16 18 19 20 22 23
12 13 18 19 20 23 25
3 11 12 19 23
8 13 19 20 22 25
8 90 -70 45 -22 3 -43 -74 92 -14 -58 50 23 -48 -5 29 28 12 -7 70 5 -18 74 -45 -7
15 -61 -40 91 -47 -96 17 -12 95 -64 76 81 51 -55 91 36 -79 -73 -85 -16 49 -8 29 94
-73 75 55 -62 -41 -19 -90 -68 -84 15 -38 -5 90 -59 67 23 -30 -69 -89 93 -26 -82 6
27 -91 -80 9 -8 90 94 45 -18 -33 78 -13 81 -18 90 59 37 81 84 84 -78 -78
-41 -91 3 34 -62 -5 66 -80 74 82 4 -25 -61 -84 -69 -33 -7 51 -47 -35 -99
79 -32 -10 4 81 -17 -75 33 58 24 93 -60 86 -46 68 58 70 -66 -50 -59
-5 32 -92 -53 -32 21 95 91 -98 92 -92 -11 35 -31 -16 94 86 -8 56
25 -67 -13 56 -5 -88 95 -57 19 66 33 -41 17 56 -15 -98 -2 59
99 66 -66 -53 -6 83 71 -53 51 10 -82 54 34 24 100 -75 48
-63 -92 19 -83 46 -42 49 29 94 -2 -19 99 55 -10 38 28
-26 12 32 -59 -71 -18 -86 30 85 -30 -42 48 20 -85 42
-46 63 5 63 91 35 3 39 98 -94 -57 82 22 28
-55 -81 -90 88 23 -39 9 -77 -41 36 70 -18 -67
-23 68 63 25 82 69 -6 -98 -37 -28 -45 100
-90 32 -95 15 -76 97 -8 89 -30 -70 -51
-76 -76 -50 70 46 99 -16 -21 -55 30
-60 25 9 -15 54 62 91 30 -20
24 -47 -87 51 -79 -62 45 85
13 72 -54 -76 94 -49 -73
-20 13 35 -6 -97 36
44 -51 95 86 55
-29 -5 67 93
58 -77 92
100 45
-70
