50
17 17 11 15 15 14 11 16 20 17 24 17 16 21 21 17 18 18 17 17 22 17 16 17 18 13 15 19 13 13 13 15 22 18 18 18 17 17 12 18 13 21 19 21 12 20 22 17 17 21
1 3 6 8 9 13 18 21 23 25 26 28 31 37 39 42 49
3 4 5 8 9 10 11 12 13 23 27 30 31 35 39 42 50
4 6 11 13 19 20 23 25 31 42 49
1 3 6 8 9 10 13 19 23 26 27 37 42 48 49
1 3 8 10 12 18 23 24 26 29 31 33 35 49 50
1 2 5 8 9 12 16 23 24 27 30 35 37 50
4 9 11 13 19 24 25 27 29 37 42
2 3 4 5 6 10 12 13 18 26 30 35 42 43 46 50
1 3 6 9 12 13 14 16 18 23 24 27 28 31 35 37 38 39 42 50
3 6 9 10 19 20 24 26 27 30 31 34 37 40 41 49 50
1 2 3 4 5 7 8 10 11 12 13 15 18 23 25 26 27 31 33 34 35 37 45 47
4 7 10 11 12 16 18 19 20 23 25 26 30 31 42 46 49
1 5 6 7 8 9 12 15 18 23 26 31 35 39 49 50
2 5 6 7 8 9 11 12 13 14 18 19 23 24 25 27 30 31 35 39 48
1 2 3 4 5 7 8 11 13 14 23 24 27 30 31 34 35 37 39 41 48
1 3 4 5 6 7 10 12 18 27 31 33 37 38 43 44 49
1 3 4 7 8 9 12 13 14 19 20 23 24 26 27 28 29 39
4 7 8 10 14 19 23 24 25 29 31 35 38 39 42 48 49 50
3 4 8 9 13 14 15 16 23 24 27 31 37 39 41 49 50
1 2 5 6 9 10 15 18 20 23 24 26 27 31 34 35 48
1 2 3 5 6 8 12 13 14 15 18 19 20 23 24 27 29 31 34 43 49 50
5 6 8 9 10 13 23 24 25 26 27 31 37 39 41 48 49
4 6 8 9 10 12 22 23 24 26 29 31 37 47 49 50
1 3 7 9 10 13 14 15 23 24 25 26 27 29 30 31 33
1 3 4 5 7 8 13 16 23 24 25 26 27 30 31 35 40 50
6 7 9 12 19 23 24 26 27 29 42 47 50
3 4 6 8 9 12 13 20 26 30 35 36 38 39 42
3 4 5 6 7 8 9 13 14 21 23 24 26 29 31 35 39 41 43
1 2 3 4 7 9 13 15 24 26 41 42 48
5 6 8 12 20 22 26 27 28 31 41 49 50
3 4 8 9 10 16 19 24 25 26 31 35 39
5 8 16 23 26 27 29 31 33 35 38 39 42 47 49
1 4 6 8 9 10 11 12 16 19 20 23 24 26 27 28 30 31 35 37 39 41
1 2 3 5 6 7 8 9 11 12 13 24 25 27 35 39 41 50
2 3 4 5 7 8 9 11 12 13 21 23 27 28 30 35 41 42
1 3 5 7 10 12 20 23 24 25 26 27 29 37 39 41 42 49
3 8 9 12 13 20 23 26 27 30 31 35 37 39 43 49 50
3 5 8 9 10 14 15 18 23 24 27 31 35 42 46 48 49
1 4 5 8 9 18 24 26 27 31 41 49
3 4 6 8 9 10 11 13 15 23 24 25 26 29 31 35 37 49
3 5 7 9 12 23 24 27 31 33 35 44 50
2 3 4 6 9 10 12 13 14 19 23 24 26 27 28 29 31 35 42 46 50
1 4 6 7 8 9 10 13 20 21 24 26 27 29 30 31 32 39 49
1 2 3 5 6 8 9 10 12 15 23 24 29 33 35 41 44 47 48 49 50
1 2 3 8 10 18 19 23 24 26 27 48
1 3 4 6 7 9 13 19 20 23 24 26 27 29 31 35 39 42 45 49
1 3 4 6 8 12 20 22 23 24 25 26 27 31 34 35 37 39 41 48 49 50
3 4 6 8 9 10 14 20 24 26 28 31 36 37 44 48 49
2 3 4 5 6 9 11 12 14 23 25 26 27 29 31 35 44
1 6 8 9 10 12 13 17 19 21 23 26 27 29 31 35 38 39 41 43 50
75 -58 -65 -49 98 -30 42 44 11 -3 82 4 -17 -10 45 1 -27 32 44 -16 -76 -96 39 -100 -99 -2 -88 80 -2 -55 -39 7 83 100 -83 44 -25 76 -60 -56 62 -20 5 23 42 15 9 58 3 -23
-17 7 -36 -51 37 96 -51 -76 -14 34 -39 32 63 -2 24 78 -33 -3 14 -94 6 43 29 95 -60 95 -23 -58 -54 52 -61 15 -69 -61 -33 -31 -84 24 83 -54 95 -35 16 -29 69 25 72 -78 -67
-31 53 13 -74 -55 -14 30 99 -93 -52 -86 -99 -49 -88 -14 88 33 94 -7 79 83 96 47 -29 -21 0 -45 16 61 -10 -24 -66 -71 52 64 -93 -16 -67 42 -87 -67 -52 -4 -89 -23 -88 -51 -32
8 -55 -40 -8 -70 -11 40 71 23 94 -45 -66 69 -62 -70 10 -99 -94 -100 -42 46 -22 47 -24 17 50 46 -72 71 7 90 27 76 9 -89 -93 39 36 -48 -86 85 -18 -47 -5 76 -25 -38
-7 -79 -92 -88 -93 -7 15 -36 -1 -74 11 60 17 58 47 -70 23 -28 97 86 -45 32 84 33 -17 62 -38 58 7 -30 -92 23 64 90 71 80 -50 -39 -49 -84 -12 -21 39 86 -2 69
-19 48 9 -10 -91 76 92 61 -39 21 75 23 -58 68 -80 89 37 22 73 -7 -41 -83 -100 -44 -61 90 -41 -68 -20 -3 -92 25 27 61 -89 10 -18 47 87 74 81 31 -85 56 -86
0 29 49 78 0 23 23 25 81 -88 95 -48 98 49 53 86 19 98 31 -23 -54 66 -94 50 48 7 79 91 -88 66 12 16 59 -72 46 94 18 -56 37 62 -13 -38 66 87
-35 -87 -19 20 -18 95 21 48 82 94 24 -76 -9 -80 -7 -19 -28 -97 -46 -21 -20 33 18 56 -32 -49 -33 47 -6 -89 -88 -37 -55 65 24 -93 -7 -14 2 81 -87 -98 -44
-45 57 27 16 77 -84 -63 35 21 -57 5 -95 9 -16 96 -10 -9 1 76 -60 -52 91 40 56 -32 34 -99 -3 32 -84 -13 -5 -4 -15 -86 -52 93 5 57 11 -34 13
-4 -38 20 75 -89 8 -35 -81 -92 93 25 57 -96 -96 83 81 -5 41 6 -35 -81 24 -50 18 20 -58 -81 13 12 -55 -6 -51 -70 25 -69 -37 59 -84 65 10 -41
22 9 9 4 -7 87 84 15 -24 29 77 -4 10 -41 17 51 -68 65 55 -87 -71 57 -40 90 -84 13 68 54 17 14 23 -44 -48 1 50 49 -18 -100 10 -59
-82 92 66 36 -71 40 1 -7 15 -60 -71 85 -9 -11 39 29 5 43 39 -95 2 -81 92 -52 51 21 17 90 20 18 98 21 48 -30 -40 -45 17 -27 -81
41 -1 -77 -29 21 45 -70 94 63 -24 -15 -95 -59 -38 -86 -19 -34 -31 53 46 15 -56 85 92 -47 -15 -28 -37 55 62 -81 68 -23 -97 96 14 62 99
27 27 -53 47 93 2 43 -75 66 61 46 -79 -32 50 39 -28 -38 -15 47 40 -5 -25 -53 42 61 65 -74 61 4 -58 73 64 60 -87 42 82 -41
-8 -67 -72 100 -67 48 -5 -55 60 17 -49 51 32 8 -10 -17 -20 47 -26 97 22 -35 37 -9 -68 -98 78 48 -71 -91 8 -68 51 75 76 -70
45 28 69 8 -98 -98 -47 58 21 -14 -78 87 70 68 -39 -14 18 33 -63 -59 86 94 53 -92 21 -25 -87 94 -95 -28 43 -40 0 73 81
62 -58 -68 -79 55 100 14 82 -56 87 13 28 10 -66 42 -2 -48 -18 9 81 35 30 90 -92 -69 -87 -47 -43 -15 -71 -99 -27 100 52
-71 -36 52 -32 -88 77 -85 81 -53 -24 -12 31 -43 82 -39 2 78 17 -8 49 30 -99 96 81 -65 -62 27 21 -11 -28 -3 31 30
-98 65 60 17 28 17 67 -37 -88 -90 -63 65 98 -99 11 -93 81 92 -14 -11 -49 -43 48 -42 -79 26 68 55 57 -77 -2 -83
27 1 20 -30 38 84 -13 57 -98 -79 13 -57 -85 71 41 24 89 -83 79 30 81 -96 54 -4 86 -21 -31 -9 32 32 47
25 39 -42 14 70 12 -11 100 -20 -41 -13 28 -64 50 72 74 30 31 -58 -30 -44 15 -99 5 -4 68 -59 -77 -89 -1
-94 -78 -18 8 -48 13 -87 44 95 -11 -32 -79 99 2 32 -66 8 10 39 33 -89 -38 64 63 65 65 -90 -20 52
15 89 -94 22 -25 -19 95 -15 82 45 -2 -90 -14 18 85 99 -9 -88 -90 -5 -91 -34 100 77 -57 24 24 95
-95 28 -35 49 -98 50 -66 64 86 79 -74 -25 33 21 -89 66 -100 75 -6 -12 18 -35 68 5 -13 -70 -36
13 74 33 -38 -73 50 -33 71 -32 87 52 -44 -29 -52 48 3 0 -88 29 -2 -22 -94 90 -34 74 -73
88 42 -17 -84 -11 -44 -50 -61 -89 11 66 63 -22 53 -9 -57 76 72 56 -30 -97 -1 -59 -70 54
73 99 71 12 70 33 65 -55 21 38 22 58 -52 5 -22 -80 -40 93 -61 -29 -2 -24 -73 -14
-55 49 -35 9 59 -25 -20 -71 72 73 -40 2 54 -34 55 42 -83 -19 38 21 10 -19 -74
1 16 80 50 -55 -6 -25 -74 91 -10 -41 -67 -32 78 27 -91 3 59 25 -27 -20 67
36 -81 16 -49 -25 -80 47 -69 38 26 12 52 48 -70 -24 -57 74 62 -31 66 -95
-39 48 0 30 8 90 -9 -87 81 73 -82 -1 -52 -96 39 -2 -36 33 -3 62
12 -19 -3 -30 -52 -18 4 -78 -21 -21 84 71 16 98 25 91 64 57 63
-45 30 -18 37 67 -2 -76 -37 -42 -40 74 7 92 -33 52 -36 -68 59
-50 66 65 -19 -24 -1 -54 34 21 78 76 -47 -25 -88 -76 -96 -48
26 -32 -43 22 65 79 7 29 -86 9 75 78 35 71 -93 9
33 -34 -62 20 74 -13 -61 -57 8 -6 54 63 27 60 -74
-96 10 21 46 71 44 53 91 -62 -93 -70 -40 -95 41
-10 15 91 0 86 -82 -73 -79 52 24 37 25 -13
-66 97 -58 80 12 30 -93 26 0 22 -56 66
-99 20 -25 73 20 -24 -53 74 22 -83 -62
-22 -25 52 24 50 73 25 37 -89 -62
-5 10 -80 -89 63 45 66 63 33
10 40 66 -25 2 -19 -85 41
-61 98 74 -99 -75 93 31
43 45 54 99 -65 9
71 -82 16 70 31
55 38 -7 45
75 31 70
17 74
51
