100
36 39 39 37 44 32 41 38 33 38 39 32 38 39 35 37 35 38 45 34 32 40 40 43 33 37 41 37 35 41 36 34 41 38 38 33 41 37 34 38 36 34 34 34 37 36 33 36 38 38 38 46 31 42 32 31 34 34 32 29 31 32 39 30 38 39 36 39 41 40 42 40 38 42 37 38 42 38 34 35 30 30 31 36 34 44 41 30 38 34 29 28 35 33 36 34 34 34 40 39
2 3 4 5 11 16 17 19 22 26 29 30 31 33 35 40 43 44 46 50 53 55 58 59 60 66 68 69 73 75 76 79 80 86 95 99
2 4 5 6 8 11 17 22 23 26 32 33 35 36 44 49 52 53 58 59 60 61 62 68 69 72 74 75 76 77 78 82 83 86 93 95 97 98 99
1 4 11 16 18 19 22 23 25 26 30 33 37 40 42 46 49 52 53 55 57 59 60 62 64 65 69 73 74 75 77 79 81 82 83 84 91 95 99
2 4 6 8 11 13 17 25 29 30 31 32 33 35 36 37 38 40 42 47 49 53 55 59 60 61 69 71 73 75 76 77 80 81 86 88 89
1 3 5 6 11 15 16 17 19 20 22 23 31 32 35 36 40 41 44 51 53 55 56 59 62 64 65 66 68 69 70 71 73 74 75 76 77 79 80 82 84 89 95 99
3 7 8 10 11 19 30 32 33 35 39 40 44 47 52 55 59 60 62 64 68 69 72 74 75 76 77 78 79 88 89 99
3 8 10 12 14 17 19 20 22 23 25 26 33 36 43 44 46 47 49 50 52 53 55 60 61 62 64 66 67 68 69 71 74 77 79 84 85 90 91 95 99
4 5 6 9 11 16 19 21 25 26 30 31 32 35 36 45 47 50 52 53 55 56 59 60 62 66 68 69 70 76 78 79 83 86 93 95 97 99
1 3 11 12 17 23 24 30 31 32 38 39 40 43 45 50 53 55 57 59 60 62 65 72 73 75 76 78 79 82 83 90 99
2 5 9 11 16 17 18 19 22 30 31 32 33 35 36 40 42 43 44 45 46 50 51 52 53 59 60 62 71 73 74 76 82 86 90 91 97 99
2 3 6 7 9 10 13 14 16 17 22 24 25 32 33 40 45 46 50 51 52 55 59 60 61 62 64 66 69 70 71 76 77 80 84 96 97 99 100
8 11 15 16 17 19 22 23 25 29 33 36 37 38 40 41 43 44 45 52 53 58 59 62 64 66 68 69 70 79 95 99
2 3 4 6 11 12 17 19 22 23 25 31 33 35 37 40 42 43 44 45 49 55 62 68 69 75 76 77 78 80 82 83 86 89 91 92 95 99
3 4 9 11 16 17 19 22 25 29 30 32 33 35 38 43 44 45 52 56 58 60 62 64 69 70 75 77 79 81 84 86 88 90 91 93 95 98 99
2 3 8 13 16 17 19 22 29 30 31 32 40 45 47 49 50 52 53 55 59 60 62 69 71 74 76 78 79 83 88 90 91 95 99
3 5 9 14 17 19 22 24 26 29 30 31 32 33 34 35 37 39 40 43 47 48 49 55 56 64 66 68 73 76 77 79 84 87 90 95 98
3 11 17 22 25 29 30 31 32 35 40 42 44 46 50 53 55 57 62 64 66 68 71 73 75 76 77 82 84 87 91 92 95 98 99
3 6 7 8 9 10 15 16 17 22 26 29 30 31 32 33 34 35 37 38 40 41 47 59 62 64 68 69 70 72 74 79 82 86 90 93 95 99
2 3 4 5 13 16 17 22 23 25 26 30 31 32 33 35 36 38 41 42 44 45 48 49 51 53 55 59 62 64 66 70 71 72 74 75 76 77 79 82 86 89 90 93 95
1 9 13 16 17 20 22 23 25 26 29 31 32 42 45 50 53 55 56 57 60 61 62 64 66 69 77 78 79 82 90 93 95 99
1 2 3 11 17 22 25 26 31 32 33 35 37 40 44 48 53 56 58 59 62 69 71 72 75 77 79 82 84 91 98 99
3 4 8 10 11 13 14 16 17 19 20 22 23 25 28 31 34 40 44 45 50 51 61 64 66 67 71 76 79 81 83 84 88 89 90 91 93 95 98 100
3 5 10 15 16 20 21 22 25 26 32 33 36 37 40 52 54 57 60 61 62 64 65 66 68 69 70 73 75 76 77 79 81 86 89 93 95 97 98 99
3 4 6 10 12 15 17 19 22 25 26 29 30 31 32 33 35 37 39 40 42 44 45 53 56 59 61 65 66 70 73 74 76 77 79 80 82 83 86 87 90 91 96
1 3 4 8 10 13 15 17 19 22 25 35 45 47 49 50 52 55 56 59 60 64 68 77 78 79 86 88 90 95 96 98 99
1 3 7 9 12 13 14 15 19 22 23 24 26 30 32 33 35 44 50 51 53 59 60 65 66 71 74 75 76 77 82 87 89 91 95 98 99
4 6 9 16 17 19 22 23 25 26 29 30 32 33 36 40 41 47 50 51 53 55 57 59 60 61 62 64 69 75 76 77 78 79 81 88 89 91 93 98 99
2 3 4 7 11 15 16 17 19 22 23 25 26 30 31 32 35 40 44 49 51 56 59 61 62 68 69 70 72 73 75 77 82 89 91 93 95
4 14 15 17 19 22 23 26 29 30 31 35 42 44 45 47 49 50 52 53 56 58 62 69 70 76 77 78 79 83 89 90 91 92 95
3 13 17 25 26 28 30 31 32 33 35 41 44 46 47 49 50 53 55 56 57 58 59 62 64 66 68 69 70 74 76 77 79 82 84 86 91 95 96 99 100
1 4 5 9 12 16 19 23 25 26 30 32 33 35 43 44 50 51 53 55 59 62 64 65 68 70 75 76 77 78 82 86 87 91 96 100
6 8 13 15 22 24 29 30 31 33 37 39 40 44 45 46 47 52 53 55 60 61 62 66 68 69 71 72 75 77 78 80 83 99
1 2 3 4 10 13 19 26 29 30 31 33 35 36 37 40 41 44 45 49 52 56 58 59 60 62 65 68 69 75 76 78 82 84 86 87 88 92 95 97 99
2 3 4 8 11 13 15 17 22 23 25 29 30 31 33 37 39 40 44 49 51 53 55 56 60 61 62 64 65 68 69 74 75 76 79 85 88 89
3 9 11 15 16 17 19 25 26 29 30 31 33 34 37 38 43 44 50 51 53 57 69 70 73 74 76 77 79 82 86 89 90 91 93 95 96 99
2 3 4 6 10 15 16 17 19 22 30 32 33 35 39 43 47 50 53 55 58 59 62 67 68 69 75 77 82 88 92 96 98
6 9 11 16 19 22 25 30 31 33 35 39 40 41 43 44 50 51 52 56 60 62 64 65 66 68 69 70 73 76 78 79 80 88 89 90 91 92 93 96 99
11 13 14 16 26 30 31 32 33 35 36 41 43 44 45 50 53 55 57 59 60 62 64 66 68 69 73 74 75 77 82 89 90 91 92 95 99
2 3 8 11 13 15 16 17 22 26 31 35 37 40 41 44 47 49 51 53 59 60 62 64 66 68 74 76 77 78 79 90 98 99
2 4 13 16 18 19 22 23 26 31 32 35 40 43 44 46 47 49 50 52 53 55 57 59 62 66 68 69 76 82 84 85 86 87 89 90 96 98
1 3 11 15 19 22 23 25 29 30 32 36 37 40 44 45 46 51 52 53 59 60 62 68 69 73 75 76 77 79 82 86 89 91 98 99
8 12 17 18 19 22 24 30 31 32 35 39 43 44 45 53 57 59 60 61 64 68 69 70 72 73 75 76 77 79 90 91 95 99
4 8 11 23 25 26 29 31 33 40 42 44 46 47 52 55 57 59 60 61 62 65 69 70 75 76 77 82 86 88 89 90 92 99
3 6 13 16 17 18 19 22 25 26 28 30 31 37 38 40 45 47 48 53 58 59 60 64 68 70 73 74 76 82 86 87 93 95
3 5 6 11 14 16 17 22 24 25 30 31 33 34 37 38 39 40 44 50 51 52 53 59 60 61 62 66 67 68 69 71 75 77 79 91 99
4 7 11 16 17 19 22 30 31 33 39 43 44 45 49 50 51 52 53 59 60 65 66 68 74 75 76 77 78 79 86 89 90 91 94 98
3 6 16 18 19 22 25 29 30 32 33 38 39 40 42 44 45 50 55 57 58 59 60 62 68 69 74 75 77 90 95 97 99
1 3 6 10 19 23 25 30 31 32 35 37 39 41 49 50 53 55 57 60 62 63 68 69 70 72 74 75 76 77 79 82 85 86 88 99
1 3 6 9 10 11 16 19 25 29 31 33 34 35 36 39 40 43 49 50 51 52 53 59 65 69 73 75 76 77 78 81 86 93 95 96 99 100
1 6 10 12 16 17 19 26 32 33 35 36 37 38 39 42 44 49 53 55 59 61 62 64 68 69 70 75 76 77 78 79 81 84 91 93 96 99
2 3 8 11 12 16 17 19 22 23 24 26 30 35 40 42 43 44 47 48 52 53 55 60 62 64 65 66 74 75 77 79 81 84 90 91 92 96
1 4 10 14 15 16 17 22 23 24 25 26 30 32 33 37 40 42 43 44 52 53 55 57 59 60 62 66 69 73 75 77 78 79 83 86 88 89 90 91 92 95 96 98 99 100
1 3 4 5 11 22 25 30 31 32 33 46 50 51 52 53 55 56 59 60 61 68 69 70 75 79 83 84 92 97 98
3 4 8 9 11 12 16 19 21 23 25 29 30 31 32 33 36 40 41 44 47 55 56 57 59 60 61 68 69 70 73 75 76 78 79 81 86 88 89 95 96 99
2 3 4 6 11 13 19 23 25 26 31 32 40 42 44 50 51 52 53 60 62 64 68 69 73 75 78 79 86 89 98 99
2 3 8 16 22 26 30 31 33 35 37 40 42 44 49 51 59 65 67 68 69 70 74 75 76 77 79 81 89 95 99
3 4 10 16 17 19 22 23 30 31 35 37 43 49 52 53 56 60 62 65 66 70 73 74 75 77 78 79 84 88 91 93 95 98
3 16 22 30 33 35 40 44 45 48 49 51 52 53 59 60 61 62 64 65 68 69 70 71 75 76 79 83 84 87 88 90 95 99
3 4 13 15 17 22 23 25 30 31 32 33 35 40 44 45 51 53 55 58 59 60 61 69 70 81 82 86 90 91 93 99
1 2 3 4 5 11 14 18 19 23 30 33 37 44 45 52 55 58 60 61 68 69 76 82 89 91 92 93 95
3 7 9 11 17 19 22 23 25 28 30 31 35 38 40 44 50 52 56 58 62 66 69 73 74 75 77 78 84 89 92
3 4 19 22 23 25 30 32 35 38 39 40 42 44 45 47 52 53 59 60 61 62 66 69 75 76 77 82 89 90 91 92
3 4 11 12 14 17 25 27 32 33 38 44 45 47 50 52 53 56 59 60 61 62 64 71 73 75 76 77 78 79 86 90 91 92 93 94 95 98 99
9 15 17 19 23 24 25 31 41 44 47 50 51 52 53 59 60 61 62 64 68 73 74 75 77 79 86 90 95 99
4 8 11 15 16 17 19 23 25 26 30 31 32 33 39 40 42 43 44 46 47 53 54 60 62 64 68 71 74 75 79 86 89 90 91 95 96 98
1 2 3 4 8 9 11 17 18 19 21 23 25 26 29 37 44 45 49 50 51 52 56 59 62 64 66 68 74 75 77 78 82 86 90 91 92 95 98
1 3 15 19 23 25 26 31 33 34 35 40 43 44 45 51 52 53 55 58 62 64 68 71 72 73 74 75 77 79 83 86 90 91 95 97
3 9 10 11 12 13 16 22 23 24 25 26 29 30 31 32 33 36 40 43 44 46 53 55 56 59 68 69 71 72 74 76 77 79 84 86 89 90 99
4 8 9 11 14 16 17 22 23 25 30 32 33 35 39 40 41 43 44 47 51 52 53 58 59 60 61 62 66 68 70 74 75 76 77 88 90 91 95 96 98
5 8 12 15 16 17 18 19 22 23 25 26 31 40 49 50 51 52 53 55 57 58 59 62 66 68 69 70 71 75 76 79 84 86 89 90 91 92 93 99
2 4 5 6 11 13 16 17 19 22 23 25 27 29 30 32 35 37 38 44 45 47 49 50 53 60 61 62 66 68 74 76 77 82 84 86 87 88 89 91 92 96
3 4 6 8 10 11 16 17 19 22 23 25 30 31 32 33 35 36 37 38 40 43 45 47 49 50 57 58 59 62 65 68 70 71 74 75 76 90 91 92
1 2 3 6 11 12 17 19 23 25 26 30 37 38 45 46 53 55 57 59 60 61 66 69 70 75 76 77 79 80 82 84 86 87 89 90 98 99
3 10 11 12 17 19 22 25 26 30 31 33 45 47 48 49 51 55 56 59 62 64 66 67 68 69 70 74 77 78 79 80 81 82 83 86 87 90 93 94 95 99
2 3 8 12 13 23 26 30 31 32 42 49 50 51 52 53 59 60 62 64 65 68 69 70 71 74 75 76 77 79 80 83 84 90 95 99 100
3 4 5 8 9 11 12 15 17 18 22 24 25 26 30 31 32 35 40 44 50 51 52 60 62 64 68 69 73 75 76 78 79 81 83 86 91 99
2 3 8 11 15 16 17 19 22 29 30 32 33 34 35 37 39 47 49 50 51 52 55 56 60 61 62 65 70 71 73 74 76 77 79 83 84 91 92 93 95 98
3 5 11 17 19 20 22 23 25 26 29 32 33 34 35 36 37 40 44 45 49 50 53 62 66 67 68 69 70 71 74 75 76 78 88 89 91 95
3 8 13 14 15 16 19 23 29 30 31 32 33 36 38 40 44 49 51 53 56 64 69 70 76 77 78 81 86 88 93 96 99 100
1 2 6 8 10 11 16 17 22 23 25 26 31 32 33 40 43 44 52 53 58 59 62 64 68 69 71 72 74 82 86 88 92 95 99
3 11 12 13 15 17 19 22 23 25 33 38 50 52 53 60 64 69 70 71 73 76 77 81 86 89 93 95 96 97
1 3 6 11 16 17 19 23 29 33 34 37 38 40 44 52 53 55 57 59 61 62 64 70 75 76 77 89 98 99
5 8 11 16 17 19 21 22 23 25 26 29 31 35 44 51 53 55 57 59 68 69 74 76 77 79 88 89 91 94 95
2 4 8 10 11 12 13 15 16 17 22 23 30 32 45 48 49 53 55 60 62 64 66 69 71 75 76 77 79 82 90 93 95 98 99 100
6 10 11 15 19 23 25 32 33 37 44 45 48 51 52 53 59 61 62 64 69 70 71 75 76 77 78 81 82 83 87 89 98 99
1 3 4 6 11 12 15 16 22 23 24 25 31 33 35 40 45 46 47 49 50 52 53 59 62 66 68 70 71 73 79 81 82 83 84 85 86 87 88 89 91 92 93 99
2 3 4 11 13 14 16 17 18 19 22 25 31 32 36 37 40 43 44 49 52 53 57 60 62 63 64 65 68 71 75 76 78 82 84 89 91 95 98 99 100
2 4 8 11 17 19 22 23 25 30 32 37 39 41 47 49 52 53 55 58 59 62 69 70 75 76 79 82 86 89
1 3 5 10 12 13 17 22 23 25 29 31 33 37 44 47 49 50 51 53 55 59 61 64 68 69 70 75 76 77 79 83 88 89 91 98 99 100
2 3 4 8 13 15 17 22 23 25 26 30 33 35 42 44 50 52 53 59 65 68 69 73 75 76 79 80 81 82 86 88 93 100
1 2 3 4 8 11 12 16 22 23 32 35 40 48 53 62 64 66 76 77 79 83 84 87 88 89 90 93 95
1 3 11 15 17 19 22 25 26 31 32 33 36 40 51 59 60 64 65 68 71 74 76 77 79 83 86 99
1 3 4 9 15 16 19 23 26 30 31 35 43 44 49 53 56 59 62 66 69 71 73 74 76 77 79 83 84 86 88 91 95 97 98
3 4 8 10 13 14 16 19 20 23 25 26 30 33 35 40 44 48 51 52 55 59 60 62 69 73 76 78 89 90 91 95 96
3 4 5 8 11 12 16 17 23 25 26 28 31 32 33 37 40 41 44 45 55 59 60 62 64 68 70 74 77 78 79 82 86 90 91 99
3 5 11 12 13 17 19 25 26 30 31 32 33 40 49 51 52 55 56 58 60 62 64 65 68 69 70 74 77 82 89 90 91 99
2 3 4 8 16 18 19 25 30 31 33 34 38 40 42 45 46 52 53 55 58 59 60 65 66 75 76 77 82 85 89 92 95 99
3 9 11 12 16 17 19 22 25 29 30 31 35 40 41 43 45 50 51 52 55 59 60 61 62 64 69 73 75 77 78 79 88 95
1 2 3 4 11 12 16 17 18 22 23 24 25 31 33 34 38 41 44 45 52 58 59 61 62 64 68 69 73 75 76 77 78 79 86 88 89 90 91 96
2 3 4 8 9 10 20 22 23 24 25 31 32 35 40 41 43 44 47 50 52 53 56 59 60 62 64 66 67 68 69 71 73 83 88 89 91 92 99
96 -29 16 35 -21 -64 -9 15 -80 10 82 22 44 -20 -57 62 -34 35 -7 88 96 70 -16 25 -21 -13 -32 87 80 -84 35 -54 -26 -57 89 -68 -59 33 75 50 94 52 -26 -22 93 51 -17 80 -79 50 33 13 -90 -86 86 63 -86 43 -44 -57 59 56 84 -63 -82 -32 -77 54 -17 46 -55 82 -97 -17 -91 -84 -55 -62 -86 27 46 -15 -1 47 30 98 -78 85 22 -47 63 -6 85 -33 22 86 -93 59 12 100
52 -83 -67 20 -35 -76 -61 66 -18 -87 83 64 42 48 -46 -60 -2 36 -20 -80 63 35 96 98 -2 -15 34 84 -86 -58 38 -59 -62 60 -17 5 -61 40 -61 39 -36 -59 46 33 -79 76 42 37 46 -83 2 89 31 -38 10 -69 -58 82 64 -67 -83 93 -50 66 81 91 -43 6 -26 -56 98 82 76 100 -92 -92 68 98 66 -20 -19 -68 -42 57 50 2 -48 70 87 17 54 -100 -46 -86 -42 13 68 -57 -100
-10 -69 67 -88 59 -61 -52 37 -33 14 84 96 -64 36 -17 -18 -18 86 -58 33 -25 6 0 59 21 -97 85 72 43 98 27 63 -50 -48 5 -67 -47 -15 -84 29 9 -80 -84 4 -67 97 -65 25 89 46 79 -92 17 -99 23 71 80 -15 -33 26 73 40 72 -71 7 74 65 37 -97 37 -19 72 -62 -80 -23 24 68 -3 -99 -18 83 100 79 -37 -99 -74 -70 29 -86 66 15 -38 71 -76 96 31 98 -26
-100 100 3 69 -14 -7 67 -8 -42 -63 52 -29 84 21 58 38 28 93 -42 -69 -4 -75 -48 -56 -49 -98 48 72 77 -80 -97 -15 -71 -41 23 -90 39 -90 76 -9 14 19 -74 -41 -90 52 44 3 93 5 76 69 -51 -82 52 -36 34 65 -88 -91 33 -9 -8 47 25 66 61 -1 -34 -52 53 -52 94 29 99 4 49 74 8 -57 -5 14 -93 -48 5 85 -30 -93 -7 83 -16 85 -95 -39 -77 -90 93
63 -15 67 16 68 50 35 86 -31 48 81 2 3 -15 -23 -38 44 34 -16 28 -63 -29 -95 57 -64 -48 -49 -11 -54 15 -41 -52 72 98 -96 48 -43 80 99 49 7 38 33 93 4 -56 39 20 -6 54 9 40 -33 94 -18 26 -70 73 -85 46 -57 9 53 -17 -70 -34 80 17 -32 73 -99 -59 -68 60 18 -48 -30 -15 -99 -64 0 -13 54 14 29 -43 58 -27 -65 -67 67 -71 -97 70 100 96
36 22 79 -38 38 -60 -78 21 -52 100 -39 -42 -16 0 10 -90 85 46 -95 3 -76 -50 19 90 -39 81 -80 34 -83 27 20 74 -27 40 12 15 -80 -13 -18 -8 50 -37 44 -77 50 -75 -57 94 -6 -9 -23 32 -1 51 -69 -66 62 22 80 71 -68 -98 -82 63 -64 -11 -59 39 -50 -76 -77 47 -2 -5 -6 -31 98 -24 -64 90 80 54 27 -15 58 64 -62 -24 70 10 -34 -17 78 -99 -31
-27 -3 -11 -47 70 -48 2 10 -5 -97 -60 -23 -11 -93 9 97 -7 -4 85 59 85 -50 -76 -44 42 -97 -81 60 3 -56 26 71 32 71 97 -69 32 -83 -88 15 -21 -40 -58 -84 -17 54 98 31 25 -69 94 -19 -12 -42 86 -68 98 -7 38 11 15 33 62 82 -92 -70 -22 -44 -100 88 29 48 -10 -91 -39 24 -82 -26 51 9 -78 -98 22 80 15 -54 24 40 98 33 71 -19 -13 -53
-47 96 75 87 -34 47 50 -5 68 -18 -16 3 -7 -52 25 -15 -62 64 97 9 100 96 -65 -75 27 7 90 -26 84 37 -65 -96 -62 -61 13 34 -73 -59 35 55 31 77 71 -50 -81 -24 25 23 3 -36 -46 57 76 -34 49 41 96 -99 -60 70 -64 33 16 -74 -15 45 43 93 76 -35 84 -14 -24 12 -99 6 12 -55 31 -43 -74 -93 -7 16 -27 -73 55 -73 -29 -92 -9 -51 -35
75 -22 86 20 -37 67 99 -57 69 43 35 10 -99 75 59 95 -78 46 66 -66 78 -55 34 -89 1 -52 21 32 84 -60 -12 5 5 -7 67 -90 84 31 79 -66 -20 -100 32 -92 -72 98 -60 43 7 -74 -35 20 -55 -16 72 -11 87 40 62 -100 51 54 90 64 -98 -79 81 9 93 23 83 -34 -19 -13 60 -15 -27 71 94 38 97 9 90 8 -62 -97 18 -24 -1 -12 -9 29
-71 8 13 -17 -14 6 74 -67 -89 72 -63 24 -69 42 28 68 73 23 -35 12 2 53 -91 88 32 -99 64 -21 73 48 69 80 -2 -35 36 68 90 -83 -59 87 2 71 9 17 5 -78 -58 -82 -28 -70 -20 41 61 94 -13 -60 -39 65 5 94 35 28 8 -63 -46 -95 -48 -42 81 98 -24 82 -52 61 90 -99 -52 -6 88 3 23 -55 15 -91 -56 94 32 -13 -76 -79 1
-66 -25 40 48 -61 -23 86 -63 -49 -56 -79 -50 -96 -56 36 82 -35 -65 20 -10 50 -58 15 34 77 -94 -61 -42 -14 -86 13 47 -94 27 15 96 -70 33 -64 -5 -73 -29 41 5 14 -91 35 -23 -1 -40 -70 -59 -62 89 48 -44 -6 -79 -55 -53 59 -90 91 -68 33 -86 86 -3 -38 -62 11 65 85 -13 26 -65 47 28 -46 37 -94 -74 -7 39 -71 4 -34 -86 -71 -45
89 -12 67 -60 34 -97 -30 43 94 -79 -75 -37 98 -51 -84 -17 -5 19 -9 71 72 70 48 74 81 72 59 -42 -55 46 7 24 -26 18 52 -4 38 70 -58 -2 82 46 -75 -39 -21 17 87 7 -33 2 93 18 -87 -40 33 57 54 -35 -50 -6 11 -63 -11 96 92 16 -67 5 81 -74 57 -89 -35 -2 -20 -7 30 31 -18 -11 -52 -86 99 7 55 15 -26 90 -36
90 -28 66 90 -93 99 29 96 49 -45 3 -65 -61 93 -27 -56 -94 -64 63 -8 34 23 -17 -30 37 -12 -76 -4 71 10 -13 94 72 -10 -94 75 -75 23 -83 -20 11 58 -22 -3 -92 50 68 -52 -67 30 -42 41 77 -83 -55 4 75 -96 31 78 2 17 73 -14 81 80 79 -17 -24 64 73 -57 76 0 -34 67 -7 15 -20 26 1 -86 -90 -62 79 -26 57 -10
-48 71 92 -77 -93 -1 79 85 68 -34 -80 -16 30 8 -72 69 4 -1 19 10 -66 79 58 -57 -35 -28 97 64 65 -20 -72 51 62 39 -59 52 36 19 48 -74 67 95 -6 97 90 56 31 87 21 -38 28 -92 -63 63 -6 -69 -82 -65 52 5 -20 52 -36 -53 73 -18 -85 77 99 29 41 94 54 29 -49 -92 -29 57 31 70 -86 42 -46 -80 11 59 98
31 -58 -34 -32 -49 -39 7 42 -2 -14 51 54 35 -39 94 71 -47 5 -78 75 66 88 -88 -92 50 14 51 71 68 26 8 -60 -60 72 -58 -14 41 39 -32 42 59 53 -64 59 15 44 -88 -6 32 28 47 -69 75 32 90 -56 -44 40 -75 -88 -59 -78 46 53 53 33 4 92 68 33 -53 -44 56 91 33 20 0 -73 65 71 83 96 7 51 61 44
-85 21 98 -68 87 20 -19 87 -10 50 64 60 29 -86 -90 10 82 -40 49 84 -49 -10 -58 -46 37 51 -78 -18 60 -43 -84 18 50 1 66 41 47 72 71 81 -57 -65 -86 67 68 -66 -33 -50 -68 -35 -7 -54 -16 -12 37 38 84 -76 24 -8 -56 57 -55 22 38 -44 -79 -19 -26 85 -38 88 -4 19 14 46 41 14 97 100 -7 46 50 0 53
-7 16 -91 10 95 55 93 39 16 40 -76 80 43 -34 -24 -68 -21 3 -87 -6 -81 -76 -97 26 26 -3 28 34 -4 62 -56 85 -11 -73 20 20 76 -44 100 41 76 90 26 41 -30 -38 17 61 -6 20 61 66 80 65 -16 -9 -9 -96 71 -82 65 5 59 71 61 -62 97 58 -56 -53 -50 9 47 -23 -94 -72 18 56 25 65 -64 66 66 -5
6 -87 1 -10 79 -9 63 -99 78 71 42 -12 54 -67 13 51 -72 -79 -66 36 81 -4 -91 -78 -15 86 73 41 57 -80 27 -76 -19 -64 68 61 93 12 -81 52 27 -30 56 21 80 -35 18 47 -90 -85 12 75 44 100 44 53 32 -43 -61 49 3 38 97 79 -66 52 -52 -28 39 -65 74 28 -83 21 70 17 78 -48 22 97 -18 74 -72
14 -23 -23 -73 -46 10 35 25 -26 86 -49 71 35 49 74 -20 14 31 81 99 -22 2 85 0 -13 46 -88 61 -97 21 19 -9 -68 16 73 50 -60 -30 64 -51 -31 -17 -58 55 14 -82 50 65 -75 2 58 -44 -7 27 32 39 -1 -23 77 -65 35 6 -55 3 -28 -22 -37 -64 -28 -80 47 4 14 74 -79 -88 97 72 7 -58 47 4
-36 -37 85 52 -78 -46 -67 -23 -66 39 -30 -98 -20 81 -8 84 -86 -93 7 -61 -55 -28 -37 -74 76 47 0 -25 -56 -73 -62 83 -45 -53 -92 -85 -54 -22 38 16 -21 -45 -93 25 17 -88 -85 -89 -16 -79 61 -36 -94 73 -82 46 -29 51 44 -55 -61 -18 74 37 -47 -78 -17 10 -17 -35 -49 -89 -69 -26 64 -83 -32 -30 33 -63 -8
-17 -24 54 5 -21 54 88 55 -43 -27 -77 -68 -92 48 37 -25 -85 -18 -95 81 -11 -40 -36 -10 -86 48 37 -99 -57 43 8 -58 -43 51 -98 66 93 24 47 57 79 41 -9 -77 41 -86 77 -38 -41 57 -75 33 -8 52 23 17 81 57 -91 1 79 -27 -52 -95 -49 -28 -25 -42 -12 33 -53 61 -75 35 -49 -17 24 -40 20 21
40 66 29 -4 -100 -49 73 36 84 -46 -44 -57 33 66 31 -79 -51 -46 -50 20 57 98 -84 -56 -4 -15 7 15 -82 14 -100 56 88 -58 39 38 -90 -20 -90 -36 30 -44 8 -72 54 66 -17 -1 -21 -83 -15 14 -96 -50 -89 22 -95 -15 50 -51 81 -12 16 28 96 -76 -41 -78 53 -50 79 33 36 42 -52 60 -100 -60 -26
40 10 42 -19 -41 -29 -96 -74 -86 23 -42 -65 -88 -61 -5 -50 6 -96 -7 -25 -55 30 59 68 -68 2 48 29 -100 19 82 3 -74 -14 -83 -83 -2 4 -75 17 67 9 -30 -80 -46 60 -93 75 60 -49 98 91 20 -26 -45 37 -17 -48 -98 -56 6 2 79 48 -95 93 -84 -1 -78 47 37 -67 -63 -64 21 -6 2 -95
4 83 -57 8 -80 69 -32 -81 -60 94 -92 -17 65 -37 61 -81 -45 58 43 -69 60 13 0 -36 -5 -69 2 34 39 13 -2 -62 20 -63 79 -84 -78 0 62 32 15 -74 1 49 -15 -25 87 -97 65 -72 -6 20 -7 -21 75 16 27 -43 29 94 -2 81 -90 -55 -12 27 75 4 78 12 -10 10 -57 -47 -19 -79 25
81 52 -24 82 44 -62 4 -59 -87 -24 24 -80 -64 -72 25 -95 -17 15 47 12 95 69 -60 -29 16 -93 -11 -1 54 -9 50 99 41 -47 48 -25 -36 8 -54 -6 -88 -92 -82 2 45 -86 82 -45 -93 -68 19 -78 100 94 40 51 79 12 30 -81 63 -55 11 8 54 -23 -69 -89 -77 -51 82 -8 -61 -66 19 -3
69 66 72 10 28 36 66 34 56 -74 21 63 62 -18 100 66 -75 -70 15 -25 -2 -11 -51 49 91 83 71 17 -69 57 -33 -28 -67 50 -92 99 -7 48 8 72 91 -82 93 52 -79 90 70 -40 -6 -68 80 87 66 -92 8 -17 6 38 -99 -43 0 -64 57 30 -41 -95 85 -48 51 -57 -89 -28 -49 59 68
-37 68 68 19 2 -74 31 -66 -2 -52 50 -74 68 -22 -12 7 -94 54 -78 -56 83 -95 61 23 33 -21 -100 -21 -14 36 -9 -52 52 77 38 49 56 34 92 53 83 97 -25 68 -41 94 -59 98 -41 -48 89 39 -11 -100 94 -65 -98 63 -42 -11 -45 70 -9 76 -10 22 24 -43 95 38 -21 78 56 63
86 -19 9 -17 0 -21 -40 -35 -36 27 21 25 -54 -44 -68 -72 22 -71 -37 79 28 98 -27 -62 -55 -31 -68 -37 40 99 57 58 -10 27 -31 -10 -12 -3 86 98 15 74 -93 -23 5 58 99 -35 -41 37 -83 33 3 -40 -48 -47 -29 -84 -45 83 86 84 82 -21 5 -4 -44 -60 45 -55 85 13 -2
-71 -84 45 -73 97 -12 -100 -48 4 32 -42 20 75 -4 29 -5 -82 53 46 73 -69 42 -97 26 -49 30 37 -44 78 96 -76 88 57 -65 55 -37 31 -16 -98 -7 -59 30 -14 19 4 -6 -90 67 -84 -51 -47 76 36 30 18 -20 62 7 -56 90 70 -80 -57 -53 -63 92 -73 25 1 -38 -16 -33
81 9 83 76 -61 52 -99 -15 -69 88 -26 -16 -43 56 -47 -79 57 30 6 -54 -38 -40 -22 -80 -71 -61 84 44 -64 -47 77 75 -62 -79 -15 -53 75 -47 -58 -7 61 15 -42 74 63 53 8 -21 -69 88 93 -13 56 86 61 -99 22 -45 41 -9 -40 89 -85 -71 -49 56 -42 -40 21 -87 72
-24 98 -79 -37 -25 75 82 24 7 21 62 23 87 -44 97 72 -48 76 -98 -24 -8 22 69 -6 95 93 33 -26 -50 56 -67 -2 -91 -85 -13 -98 23 -29 -26 -63 60 79 11 89 78 -56 89 -38 39 58 60 -71 53 72 -89 72 27 20 -1 78 -27 62 -3 -78 48 -4 -3 93 -48 20
91 35 93 -2 -19 38 64 -100 28 41 5 75 -28 -95 21 69 89 -37 -89 -76 0 66 -30 1 84 66 44 45 0 27 -83 -32 -92 52 -11 -68 87 -26 56 -84 -53 3 -87 -96 18 15 -93 94 50 -78 100 84 7 20 -27 36 -80 -28 46 -100 61 -62 17 -41 77 16 25 -76 -87
-100 -89 -70 34 -21 -12 -84 -46 43 -51 -92 -86 -17 -50 -37 -30 33 73 59 -97 -39 44 27 -92 -29 42 -98 -3 16 -35 64 6 70 27 -15 51 73 76 51 -67 51 -67 10 -75 -7 -70 -44 -87 28 22 -17 -24 58 38 -94 97 100 -61 21 31 4 -30 66 28 -21 -47 3 -45
29 55 18 -12 -68 -87 -14 -16 100 -23 65 69 82 26 33 23 -5 -89 -17 51 -50 63 -19 57 96 -5 66 50 -95 71 96 -25 60 -2 -81 -58 2 -25 88 -19 -13 -15 -46 -90 33 46 49 4 -51 -99 88 20 48 -61 69 100 -47 -63 18 -96 -24 80 85 38 75 -42 -5
18 55 30 89 -31 31 -30 -97 0 10 -24 93 -7 75 59 25 44 -90 -56 24 81 -82 85 95 66 9 -84 64 81 62 10 73 -80 -39 15 -41 67 -81 -4 -42 -28 -40 51 92 -75 93 -75 42 25 -17 82 -37 56 75 -10 83 11 98 34 -15 81 14 39 1 -19 -10
45 -15 -41 84 -51 92 60 95 89 -83 36 -3 -86 -42 -46 37 68 -80 91 15 17 66 86 -22 -69 55 -81 19 -63 -15 -77 -97 -59 57 -98 -27 50 -53 -70 -32 67 -33 70 15 28 77 -69 -5 -50 -22 58 -15 -52 -54 20 -68 -51 13 90 94 -17 -91 -18 -15 45
35 1 52 21 35 97 30 33 -76 -29 -31 21 65 43 -67 -53 56 67 -84 -3 65 7 -33 81 -15 -13 -71 -59 -43 -18 -70 -37 79 -31 -100 -41 61 -95 -25 -73 82 18 -71 -99 64 -87 -54 61 23 47 -85 94 -7 -66 -27 -64 35 49 -77 50 96 -13 -57 -98
18 56 69 -85 -12 28 77 -74 75 -99 -89 57 34 -11 4 11 -14 57 -39 6 30 36 -4 43 9 6 -8 66 48 4 -19 -47 60 -36 -74 -11 44 80 59 7 -77 -65 56 92 -53 23 -27 43 94 -26 88 68 43 -1 51 -29 64 35 84 -48 12 -7 87
-3 45 -49 -25 -56 -41 70 -41 -21 72 8 -79 37 -77 -8 -56 72 17 28 78 65 30 5 82 -98 97 46 -42 35 27 19 57 -75 78 72 53 -89 92 16 -80 36 -7 20 -77 82 -35 -66 -88 30 4 -64 -89 -30 -4 -15 29 62 8 -15 -80 30 37
46 -12 -51 40 74 -36 -92 -72 14 -51 -3 53 87 59 0 -25 -41 -7 -30 69 -44 -22 -11 -47 -12 -14 31 -57 56 -94 20 93 21 61 46 16 -29 -50 94 -95 18 16 -68 43 37 -23 65 -5 -47 95 -14 -88 63 -67 86 62 -78 -78 9 -96 -53
-97 -75 80 -82 -54 30 -1 -11 27 29 -25 90 97 -73 -63 17 -31 53 90 -60 -31 -28 -84 -52 -32 38 -72 -35 -39 45 8 61 -45 68 70 -25 88 -100 -93 -72 -6 -83 -29 75 33 -39 -86 -25 -96 45 65 37 -59 76 -61 -94 41 15 -97 -78
99 -63 97 3 -96 -31 -82 91 -81 -89 96 23 65 85 98 -26 -69 33 72 -88 -77 92 -72 -19 -24 73 -73 -82 -51 18 64 -27 -84 76 -86 -36 -80 75 -67 -63 -52 -8 -92 -50 -83 -24 -36 3 -10 -84 72 73 17 -6 -89 98 -40 -73 53
57 -47 51 -1 -21 37 67 -74 -58 -21 -24 59 70 52 -40 57 -21 -31 -62 7 25 94 58 -7 27 -20 62 87 35 -73 87 36 -29 58 32 -92 54 18 -30 -16 87 -20 -32 -95 -78 41 81 -80 -84 74 43 53 -2 -7 77 11 81 -66
40 -90 53 -89 -100 -78 -97 28 16 -7 -42 -4 88 -1 -61 -24 46 65 -72 -71 33 80 91 -36 -69 60 27 -19 -26 17 93 -79 -26 -27 -56 -55 6 -98 71 29 73 -41 12 13 81 4 86 94 -64 79 60 67 -67 55 85 45 29
-69 54 -100 68 43 92 23 46 -72 -29 13 55 -42 -14 35 26 8 -54 -11 0 23 52 73 30 -45 -56 -35 40 -80 42 73 -31 -70 -83 -90 100 24 12 -4 -95 57 -37 -100 -69 -83 100 21 54 -68 52 17 62 11 -40 -52 41
98 25 65 92 -92 41 60 -88 31 -22 57 47 -94 77 -87 -46 -45 92 -2 -29 -80 -43 -56 5 41 -61 -29 -80 -42 -61 14 -33 -56 39 -57 -77 -60 -29 -98 98 -8 48 -95 98 -4 -95 -22 -40 -26 -40 31 -69 57 97 -92
-67 -40 11 11 5 -60 -26 2 -34 -79 -50 34 69 -82 -28 5 89 16 28 -61 -86 30 21 -2 -16 -26 60 25 -50 18 41 83 -91 -24 83 55 23 66 8 80 -1 -54 -27 90 -16 55 64 -20 -9 39 -72 -33 46 11
46 27 43 33 -79 -17 -46 -89 22 -65 -36 66 -91 15 75 -75 12 -50 -56 64 -90 50 23 67 46 25 -58 19 -19 -46 89 -82 30 -44 -78 -16 -4 -54 42 -27 63 11 -83 45 -34 -56 -26 -65 -14 -63 95 -36 11
50 -39 16 -1 -66 59 86 46 42 71 -53 -62 -20 -97 -45 -79 -54 89 68 -17 -72 0 11 25 -25 -83 29 82 -36 48 -32 -42 -70 76 -52 -87 -65 57 51 97 -42 -98 -56 -29 -29 25 9 -73 -4 -44 -42 60
98 -86 -27 -46 -6 60 -10 21 -85 88 87 96 -55 84 -20 -8 4 69 -45 96 -6 -52 15 -22 -15 -68 41 -67 86 16 75 14 -27 -14 21 -11 52 -74 -11 94 -42 -73 -77 -93 25 -49 -52 96 -41 99 -32
79 23 82 -73 51 81 3 78 -65 -40 -8 -18 96 -55 -31 89 35 57 -58 -100 -97 49 71 71 60 -24 -100 -88 -39 -72 -18 -10 -81 4 -61 -62 48 -92 74 -2 -64 -67 -98 -86 34 -100 52 1 21 -50
18 -81 -60 28 -51 20 -8 -41 38 77 42 -39 26 -85 76 -89 -8 -63 24 -7 -6 -52 61 88 -100 71 -60 30 59 -27 -74 -75 -73 54 -48 -81 -37 -5 68 -9 45 28 -93 -96 15 25 58 50 -27
95 89 13 -100 50 32 84 -16 53 7 -82 -67 33 73 -77 81 -70 -68 61 96 1 -24 -47 24 -37 -70 -66 35 -69 57 -40 66 -82 -97 35 -52 43 4 57 36 4 42 -35 -33 -44 64 78 -52
-73 96 94 -47 93 39 -59 -54 49 87 -35 -37 -56 12 -59 47 25 31 -48 -39 36 -67 100 2 56 -16 60 10 46 -48 26 -54 4 16 -87 -75 -97 -54 -17 95 62 38 81 -3 100 -81 57
100 -30 -85 67 93 -39 -84 -53 -28 41 -15 -96 8 78 -70 -7 -14 62 14 93 -48 -84 24 76 9 93 74 -59 56 3 54 -14 -91 -38 -88 -39 -94 -50 25 2 45 38 -55 -17 41 23
22 -84 99 0 -3 49 44 -91 -13 33 83 67 -26 -42 -100 -18 81 -36 91 -47 50 -12 36 81 73 96 -88 76 68 -96 -32 -100 -4 -30 -44 88 -88 -89 33 -14 57 76 -43 -97 -81
1 -16 46 55 -79 -57 56 -28 -8 -68 75 7 43 87 -49 89 -83 81 53 -26 -84 50 37 -49 85 -17 -53 -20 6 31 -12 90 54 -45 21 70 58 -50 45 78 57 92 -26 -30
75 -44 83 18 -68 -63 39 -98 -83 -74 -51 -49 -26 -72 -93 78 66 -25 -10 -74 44 -78 40 42 47 -34 49 -50 30 9 -82 74 -90 26 -97 65 97 18 40 -99 -26 -43 88
-55 44 -76 -44 -2 72 7 6 96 16 74 22 40 59 -73 36 19 45 -99 11 53 -78 -67 7 -10 59 99 86 90 -50 95 -87 -31 47 75 91 0 81 -81 30 -45 35
-85 -50 -37 -15 35 -26 52 -35 -91 -44 -2 -44 87 67 28 -60 -72 -80 68 -22 67 93 -77 -13 -20 7 -95 68 50 64 84 -24 -76 -53 48 70 4 91 -8 -52 67
46 76 40 -58 -88 -72 37 -81 67 32 -36 -10 -6 -96 83 -16 24 -96 -19 -72 -19 -40 44 90 24 -87 -52 37 -34 95 96 82 86 86 -74 -70 -25 -5 -99 -3
-35 43 -79 -97 21 71 24 -66 49 0 90 26 13 -22 -54 17 11 44 -99 -29 65 9 54 -13 44 31 77 -89 92 90 -100 40 -70 8 -72 -87 -87 98 -100
12 95 -30 -18 97 52 -57 22 78 63 15 -22 74 28 -57 -28 72 -74 -44 -90 63 -33 60 -52 39 -26 89 -5 83 -27 -66 61 29 6 -78 -53 -19 -22
-33 -52 -66 -52 -15 -27 -74 5 93 -78 -26 -74 0 -84 -59 -14 -83 -40 -66 56 47 75 91 84 1 54 85 -63 49 47 -37 43 77 -48 95 28 -13
8 -38 88 -83 -80 94 95 -65 40 44 49 26 6 49 -80 92 68 -51 -2 -97 71 -66 -79 69 -39 -29 -16 -82 4 95 73 -11 51 -91 -84 -3
47 -45 83 -98 37 -73 16 17 83 80 71 91 -20 65 59 -66 -81 -73 2 -50 50 66 -21 -54 27 -51 79 -56 -76 -44 -92 -25 11 -75 14
29 -69 78 -56 -92 99 -61 -84 -58 -60 10 -71 41 -84 81 -6 52 -67 99 -75 22 44 -13 57 -76 62 -16 6 -87 51 94 26 44 -80
89 -54 -51 -91 4 -65 -47 0 -59 -100 14 69 32 76 20 -10 -11 85 -87 44 89 -92 -16 5 -98 -33 -37 54 8 6 17 7 -91
17 96 -10 -54 15 -20 -5 -61 42 61 10 78 48 35 -7 -10 22 -28 39 82 90 -94 65 -39 -98 -4 26 44 61 49 -27 -22
28 -58 -51 -80 28 -21 88 97 -40 -53 50 -91 -9 -40 -64 -24 67 -36 -65 -95 -96 -41 55 43 -38 47 -54 -19 -83 -13 -90
-92 84 13 51 -79 35 -25 3 14 -64 51 -39 -95 -68 -67 23 -54 77 -26 -53 -25 89 44 19 74 -65 64 57 -6 -5
76 -98 57 -59 -6 16 12 -32 -47 -11 31 -3 4 -14 69 67 -96 -23 72 38 57 -59 70 -77 45 29 -54 -37 -14
97 40 -85 84 -78 -49 -95 42 -89 -14 76 -94 -74 -25 19 -2 92 74 94 -66 -77 -79 48 3 94 -45 -18 91
-30 -12 13 -11 91 18 28 -38 65 -24 32 17 -17 -87 54 -82 98 -17 32 -59 -75 -10 20 -41 -79 -85 -26
-100 -46 96 -94 -26 96 18 90 86 -23 95 -35 -3 -57 58 33 -19 97 -33 -50 -62 -97 -18 -96 -65 53
56 -2 -34 54 85 -78 20 54 -35 -27 46 68 54 5 64 -81 55 -26 0 -12 -24 78 59 -48 31
31 -70 -58 -79 -49 -51 38 13 7 55 64 47 -34 72 -9 2 63 4 31 -99 -37 -12 -2 0
85 -78 -20 50 -75 -66 -73 19 39 -6 94 74 -61 27 55 -9 34 -43 -84 79 68 -62 95
75 28 58 36 -7 -54 95 -47 70 -80 -11 55 -100 68 77 55 -90 88 53 58 66 -54
-8 -36 0 86 14 78 100 60 23 89 65 97 -45 66 -23 61 -9 66 -96 22 -10
44 -22 84 99 -31 46 -51 90 87 -20 -35 55 -74 -91 -65 -30 -7 -52 77 96
-34 29 -1 53 20 -27 -56 -12 68 -96 84 61 42 -92 -54 49 -42 53 -18
59 -27 99 -87 2 -30 40 98 75 14 70 -30 -21 86 -36 -25 83 40
-98 84 14 -45 67 5 -90 -28 -59 -82 66 52 54 -68 -51 44 -66
97 65 81 -82 -26 85 95 8 70 46 -98 72 -88 -69 43 -24
72 -59 69 69 59 -73 -95 46 75 23 85 68 -74 45 81
-79 -89 26 -58 42 -39 64 -90 -3 21 -40 94 90 75
-34 60 66 38 32 -43 96 25 -82 16 74 -2 -11
-60 30 2 93 -41 74 92 88 83 -2 44 -17
46 -62 37 -25 33 -6 -12 -57 90 -76 -85
-63 -35 -6 -66 63 -17 100 69 31 -23
60 -57 94 17 76 -59 7 -24 -13
33 9 63 -48 -95 -91 -6 12
75 -50 82 57 30 -77 79
21 50 -86 73 41 -82
63 5 -68 -87 13
-87 -18 91 -40
-48 100 -95
-30 -54
-92
